722:0 53 63 85 86 92 94 95 126 164 182 188 237 261 281 399 417 521 561
723:0 14 183 339 355 370 389 409 413 421 422 423 424 444 446
724:0 89 200 309 337 349 369 370 401 418 421 422 423 424 442 444 446 525
725:0 46 247 281 303 330 347 399 408 411 414 434 446 473
726:0 8 14 56 58 164 183 229 252 339 421 442 452 453 473
727:0 73 74 164 241 246 247 269 281 326 347 355 403 412 437 466 542
728:0 85 86 87 89 94 164 182 237 269 273 337 344 409 410 411 417 521 539
729:0 8 9 14 136 183 211 228 332 339 369 370 371 395 404 409 462
730:0 8 14 58 59 73 89 92 113 114 115 164 182 202 227 264 389 409 411 420 465
731:0 14 95 164 194 228 245 261 325 369 400 404 421 422 423 427 442 561
732:0 89 92 95 157 164 182 200 228 259 281 337 350 371 397 421 467
733:0 34 69 86 92 105 182 247 269 273 347 354 396 403 435 473 521
734:0 9 68 109 120 229 309 331 360 404 409 444 446 509 528
735:0 89 156 174 229 259 280 306 294 397 444 446 468 525 528 556
736:0 85 86 92 94 95 113 115 164 237 396 399 406 410 411 412 417 429 473
737:0 56 57 58 59 92 151 182 195 215 227 247 322 323 347 392 406 453 503 542
738:0 79 164 182 188 236 237 259 261 269 271 347 390 399 411 417 473 499
739:0 76 89 200 202 235 237 347 349 406 411 412 422 434 437 489 525
740:0 7 182 216 227 228 252 269 280 317 320 359 369 370 389 400 404 428 468
741:0 97 105 115 117 164 182 196 237 257 287 347 353 396 411 434 435 539 540 542
742:0 210 525 197 174 71 331 412 338 202 447 520 580 275 73 72 75 402 596 147 79 235 91 523 241 213 117 34 445 590 15 111 38 218 45 74 29 237 43 234 363 1 182 229 216 496 10 163 23 70 164 207 39 36 33 92 133 156 397 157 201 360 334 231 401 240 290
743:0 210 525 197 174 71 331 412 338 202 447 520 580 275 73 72 75 402 596 147 79 235 91 523 241 213 117 34 445 590 15 111 38 218 45 74 29 237 43 234 363 1 182 229 216 496 10 163 23 70 164 207 39 36 33 92 133 156 397 157 201 360 334 231 401 240 290
744:0 210 525 197 174 71 331 412 338 202 447 520 580 275 73 72 75 402 596 147 79 235 91 523 241 213 117 34 445 590 15 111 38 218 45 74 29 237 43 234 363 1 182 229 216 496 10 163 23 70 164 207 39 36 33 92 489 51 342 188 124 390 133 156 397 157 201 360 334 231 401 240 337 200 416 63 89 327 290
745:0 450 600 369 44 185 282 371 228 269 608 204 197 515 52 126 424 83 481 488 172 53 394 257 510 241 315 261 213 226 445 590 383 104 38 203 252 148 218 158 363 182 514 216 46 184 290 162 207 129 14 33 39 441 188 92 156 
746:0 450 600 369 44 185 282 371 228 269 608 204 197 515 52 126 424 83 481 488 172 53 394 257 510 241 315 261 213 226 445 590 383 104 38 203 252 148 218 158 363 182 514 216 46 184 290 162 207 129 14 33 39 441 188 92 156 332 306 163
747:0 0 450 600 369 44 185 282 371 228 269 608 204 197 515 52 126 424 83 481 488 172 53 394 257 510 241 315 261 213 226 445 590 383 104 38 203 252 148 218 158 363 182 514 216 46 184 290 162 207 129 14 33 39 441 188 92 156 332 306 163 280 242 555 400 583 299 63 416 247 245
748:0
749:0
750:0
