722:0 210 525 197 174 71 331 412 338 202 447 520 580 275 73 72 75 402 596 147 79 235 91 523 241 213 117 34 445 590 15 111 38 218 45 74 29 237 43 234 363 1 182 229 216 496 10 163 23 70 164 207 39 36 33 92 133 156 397 157 201 360 334 231 401 240 290
723:0 210 525 197 174 71 331 412 338 202 447 520 580 275 73 72 75 402 596 147 79 235 91 523 241 213 117 34 445 590 15 111 38 218 45 74 29 237 43 234 363 1 182 229 216 496 10 163 23 70 164 207 39 36 33 92 133 156 397 157 201 360 334 231 401 240 290
724:0 210 525 197 174 71 331 412 338 202 447 520 580 275 73 72 75 402 596 147 79 235 91 523 241 213 117 34 445 590 15 111 38 218 45 74 29 237 43 234 363 1 182 229 216 496 10 163 23 70 164 207 39 36 33 92 133 156 397 157 201 360 334 231 401 240 489 51 342 188 124 390 133 156 397 157 201 360 334 231 401 240 337 200 416 63 89 327 290
725:0 450 601 369 44 185 282 371 228 269 374 204 197 515 52 126 424 83 481 488 172 53 394 257 510 241 315 261 213 226 445 590 383 104 38 203 252 148 218 158 363 182 514 216 46 184 290 162 207 129 14 33 39 441 188 92 156 307 263 237
726:0 450 601 369 44 185 282 371 228 269 374 204 197 515 52 126 424 83 481 488 172 53 394 257 510 241 315 261 213 226 445 590 383 104 38 203 252 148 218 158 363 182 514 216 46 184 290 162 207 129 14 33 39 441 188 92 156 307 332 306 163 263 237 399
727:0 450 601 369 44 185 282 371 228 269 374 204 197 515 52 126 424 83 481 488 172 53 394 257 510 241 315 261 213 226 445 590 383 104 38 203 252 148 218 158 363 182 514 216 46 184 290 162 207 129 14 33 39 441 188 92 156 307 332 306 163 280 242 555 400 583 299 63 416 247 245 263 237 399
728:0 571 404 228 339 68 197 24 249 69 523 91 89 191 59 258 58 196 213 445 498 15 104 38 283 31 218 30 237 43 363 182 216 46 431 290 159 21 164 14 36 37 526 398 92 453 401 362 291 308 56 240 534 503 57 55 518 352 127 110
729:0 571 404 228 339 68 197 24 249 69 523 91 89 191 59 258 58 196 213 445 498 15 104 38 283 31 218 30 237 43 363 182 216 46 431 290 159 21 164 14 36 37 526 398 92 453 401 362 291 308 56 240 534 503 57 55 518 352 127 110
730:0 571 404 228 339 68 197 24 249 69 523 91 89 191 59 258 58 196 213 445 498 15 104 38 283 31 218 30 237 43 363 182 216 46 431 290 159 21 164 14 36 37 526 398 92 453 401 362 291 308 56 240 534 503 57 55 518 352 127 110 408 350 397 157 317 201 479 444 446 334 368 224 276 63 416
731:0 450 81 44 527 33 173
732:0 450 81 44 527 33 173 555 283 106 334
733:0 450 81 44 527 33 173 555 283 106 334 210 571 141 476 324 169 522 41 404 372 251 399 185 374 492 468 282 400 371 269 389 168 530 197 249 332 310 421 213 445 585 15 104 38 263 116 218 216 416 137 237 63 212 363 182 184 290 163 207 33 321 526 398 92 156
